46695
103630
103764
100604
103763
102685
100629
100714
62298
25252
31406
43010
43635
45351
46353
55167
60142
106742
70731
70828
99702
100931
2576
100105
13491
103054
24552
34643
27446
27594
27715
92918
15511
3077
55944
70640
79443
105498
50898
103406
103407
103494
24552
102017
102017
26886
104353
46331
46332
7823
25641
36220
76966
27561
47466
47136
31322
31323
84456
84452
84454
84457
26348
88576
98477
49409
65651
44834
102078
47993
41863
27502
4938
502
504
2610
4237
5476
5570
7879
8429
8807
9083
10342
11684
12017
14479
15565
15566
17744
19884
19885
20073
21320
28628
28872
29650
35517
36584
41623
42236
44966
49176
50402
50954
51758
53955
55479
56910
56911
58666
63629
67038
71976
76339
76393
77401
80410
80810
81578
82056
83205
85286
86229
86353
90242
91110
95805
97616
97798
36293
40473
43507
43510
96986
41942
41995
50949
53773
53792
85161
90278
12794
14277
42807
84331
84332
92676
6900
8093
9136
22028
36937
41923
43547
52236
53756
62937
82063
82775
83229
92250
93017
93289
96111